0,300
0,299
0,296
0,293
0,290
0,287
0,284
0,283
0,280
0,279
0,278
0,277
0,276
0,275
0,274
0,273
0,272
0,271
0,270
0,269
0,268
0,267
0,266
0,265
0,264
0,263
0,262
0,261
0,260
0,259
0,258
0,257
0,256
0,255
0,254
0,253
0,252
0,251
0,248
0,245
0,241
0,238
0,237
0,234
0,231
0,410
0,230
0,366
0,229
0,228
0,364
0,227
0,341
0,226
0,225
0,346
0,224
0,372
0,223
0,222
0,221
0,357
0,220
0,352
0,219
0,218
0,217
0,216
0,215
0,214
0,213
0,212
0,211
0,210
0,209
0,208
0,207
0,206
0,205
0,204
0,203
0,202
0,201
0,200
0,199
0,198
0,356
0,197
0,333
0,196
0,195
0,331
0,194
0,330
0,193
0,192
0,328
0,63
0,327
0,62
0,61
0,373
0,60
0,324
0,59
0,58
0,394
0,57
0,311
0,56
0,55
0,318
0,54
0,317
0,53
0,52
0,51
0,314
0,50
0,313
0,49
0,48
0,47
0,46
0,298
0,45
0,325
0,6
0,297
0,432
25,4
25,2
25,1
25,3
25,0
0,295
0,430
0,294
0,429
30,2
30,1
30,3
30,0
0,292
0,427
0,291
0,437
29,5
29,4
29,2
29,1
29,3
29,0
0,289
0,426
0,392
0,288
27,2
27,1
27,3
27,0
0,1
0,390
0,286
0,285
0,421
24,2
24,1
24,3
24,0
0,282
0,309
0,281
0,418
28,4
28,2
28,1
28,3
0,439
0,10
28,0
224,1
224,3
224,0
225,1
225,3
225,0
231,1
231,3
231,0
2,3
1,3
0,304
0,305
0,302
0,303
233,1
233,3
0,12
0,360
233,0
0,8
236,1
236,3
236,0
2,6
2,7
227,1
227,3
227,0
2,8
229,1
229,3
229,0
2,9
234,1
234,3
234,0
230,1
230,3
230,0
232,1
232,3
232,0
228,1
228,3
228,0
226,1
226,3
